 
 
 
 Bingo Bingo賓果賓果開獎號碼 - 奧索樂透網 
 
 
 
 
 
 
 
 
 
 
 大樂透 、 威力彩 、 賓果賓果 、 今彩539 、 三星彩 、 四星彩 最新開獎號碼！
 
 
 樂透首頁 加入會員 會員登入 我的最愛 常見問題 公益團體 
 
 
 
 
 
 
 
 
 
 
 
 
 -->
 
 
 
 
 
 
 
 
 
 樂透首頁 | 會員中心 樂透論壇 虛擬樂透 | 賓果賓果 大樂透 威力彩 今彩539 三星彩 四星彩 
 
 
 
 
 
 
 
 
 
 
 
 
 
 
 
 
 
 
 
 
 
 
 
 
 
 
 
 
 
 
 
 
 
 
 
 
 
 
 
 
 
 
 
 
 
 
 
 
 
 -->
 [手機APP]
 奧索樂透助手 
 [店家專用] Bingo
 TV播放系統 
 [店家專用]
 綜合彩券TV播放系統 
 
 
 
 
 
 
 
 
 
 
 
 
 
 
 
 
 
 
 
 
 
 
 
 
 
 
 
 
 
 
 
 
 
 
 
 
 
 
 
 
 
 
 
 
 
 
 
 開獎號碼[文字] -->
 開獎號碼[圖形] 
 開出次數 
 拖號跳期 
 球號分佈 
 大小分佈 
 綜合分析 
 資料分析 -->
 
 
 
 
 
 
 
 (週一至週日、每日07:05 ~ 23:55、每隔5分鐘開獎一次) 獎金分配方式說明 
 
 
 1
 115057470
 
 10/11 
 10/10 
 10/09 
 10/08 
 10/07 
 10/06 
 10/05 
 10/04 
 10/03 
 10/02 
 10/01 
 09/30 
 09/29 
 09/28 
 
 
 
 Bingo Bingo賓果賓果最新一期開獎號碼 第 115057470 期 (2026-10-11 08:45) 
 
 
 
 
 
 
 13 14 15 18 21 22 26 28 30 31 35 36 39 41 45 49 54 61 67 68 
 
 
 
 
 
 : 連號 | 紅字 : 連莊 
 
 
 Bingo Bingo賓果賓果開獎號碼查詢 (2026-10-11) 
 
 
 期 數
開獎時間 
 開獎號碼 
 超級
獎號 
 連莊
球數 
 大小 
 單雙 
 
 115057470 
08:45 13 14 15 18 21 22 26 28 30 31 35 36 39 41 45 49 54 61 67 68 22 5 小 － 
 115057469 
08:40 03 08 09 15 19 26 29 30 32 37 38 39 47 52 53 57 60 61 78 79 57 3 － 
 115057468 
08:35 04 11 14 17 22 24 27 32 41 43 48 51 58 59 68 70 72 75 78 79 68 6 － 
 115057467 
08:30 01 13 17 22 24 31 32 33 37 42 44 54 55 58 60 63 64 76 77 79 01 6 － 
 115057466 
08:25 03 10 14 15 19 20 23 29 30 33 42 47 49 60 63 68 76 77 78 80 14 7 － 
 115057465 
08:20 04 07 10 21 23 28 30 31 33 35 40 51 52 56 58 59 63 71 76 80 31 6 － 
 115057464 
08:15 07 13 17 21 22 23 28 29 35 36 37 41 42 46 55 58 68 69 72 79 17 8 － 
 115057463 
08:10 05 20 23 24 26 29 36 42 46 49 50 53 55 56 57 60 63 69 77 79 56 6 大 － 
 115057462 
08:05 17 22 24 29 30 31 34 39 47 48 51 55 57 60 61 66 68 69 73 80 55 4 － 
 115057461 
08:00 07 08 09 14 15 16 20 24 30 35 37 41 42 43 49 55 59 66 75 78 78 7 － 
 115057460 
07:55 02 11 15 16 20 28 29 32 37 41 48 52 54 56 57 59 65 69 72 75 29 7 － 
 115057459 
07:50 04 08 11 13 15 21 22 25 31 32 39 41 57 59 64 66 70 71 72 78 70 5 － 
 115057458 
07:45 02 13 14 16 19 20 23 32 34 45 49 51 60 66 69 70 71 75 76 79 34 6 － 
 115057457 
07:40 04 05 06 08 18 19 20 22 27 34 43 51 52 54 60 63 64 71 72 74 64 7 雙 
 115057456 
07:35 06 10 11 15 21 27 34 39 40 43 45 51 55 58 66 68 69 70 72 74 34 4 － 
 115057455 
07:30 03 07 09 12 14 17 23 28 34 36 38 40 51 57 62 64 69 71 75 77 62 5 － 
 115057454 
07:25 04 12 13 21 26 33 34 36 40 47 54 55 56 58 59 60 64 74 78 79 64 7 雙 
 115057453 
07:20 04 12 16 21 28 32 33 37 41 45 50 51 52 55 57 60 69 71 75 79 45 7 － 
 115057452 
07:15 01 02 10 12 17 20 23 28 31 33 37 40 42 45 49 58 66 69 73 79 33 7 － 
 115057451 
07:10 09 14 19 24 25 31 32 33 37 45 46 49 54 64 65 66 70 71 73 78 09 4 － 
 115057450 
07:05 06 11 12 17 21 22 23 27 33 36 37 40 46 47 50 51 66 67 72 79 67 0 － 
 
 
 
 
 
 
 
 
 
 
 
 
 
 
 
 
 
 
 
 
 
 
 
 
 
 LineID:@auzo
 
 
 pj934dk9513g31dig5tb49d5uh 
 | 樂透首頁 | 隱私權政策 | 常見問題 | 公益團體 | 贊助商: Bimmer8.com |
 本站數據資訊僅供參考，實際資料以 台灣彩券 公佈為準！(未滿18歲者，不得購買或兌領彩券！)
 本站所引用的各項公益彩券商標或名稱，其版權分別屬於各註冊公司所有。
 (LINE客服)服務時間:週一 ~ 週五 09:00-18:00 | (線上客服)服務時間:週一 ~ 週六 09:00-24:00
 法律顧問: 承理法律事務所 | 專利事務: 寬宇國際智權顧問 | Powered By 奧索網路科技
 
 
 
 
 
 
 
 
 
 
 
 
 
 
